12
3
13
36
38
34
27
32
15
14
11
35
15
26
20
19
36
31
8
15
8
4
14
38
16
1
2
2
2
33
40
8
26
8
35
23
35
7
19
38
8
32
33
5
20
30
8
24
31
38
15
7
22
17
34
8
22
2
7
3
17
21
35
36
35
31
15
20
11
19
36
4
12
1
40
31
11
22
24
7
1
17
34
23
3
5
32
40
26
34
22
21
36
15
11
35
25
38
8
36
10
18
29
30
34
9
40
17
19
30
4
19
30
25
33
3
7
6
9
32
33
38
21
3
24
34
13
16
5
18
5
14
15
24
13
1
24
9
18
20
17
38
17
10
15
6
27
4
29
13
32
10
34
27
24
40
34
16
39
17
31
18
16
8
1
30
25
30
7
3
18
33
30
15
20
38
6
7
33
1
13
30
36
1
38
12
2
25
2
16
20
20
8
29
17
40
22
31
33
15
18
20
16
38
24
16
31
5
34
19
17
33
19
22
34
27
38
16
7
30
36
21
7
36
2
18
7
20
15
11
5
31
4
3
24
32
5
18
40
22
14
40
38
4
33
16
29
22
34
34
16
7
32
26
34
19
33
26
30
14
31
11
35
27
2
17
3
10
23
25
6
23
31
32
17
26
3
39
1
27
2
29
21
24
10
30
21
35
35
10
31
25
34
24
40
21
22
38
10
21
27
24
33
17
4
14
10
11
20
6
19
10
6
24
35
20
1
6
35
2
11
6
3
16
5
30
13
22
9
40
8
39
16
19
23
21
6
8
35
34
14
26
40
38
4
32
13
11
1
23
22
17
27
7
13
29
13
15
9
32
26
3
20
23
31
31
22
26
11
20
27
39
20
1
2
26
36
21
16
24
8
19
26
29
38
31
6
31
38
36
38
40
13
29
26
14
14
5
27
21
22
24
32
35
32
36
7
10
9
7
20
5
20
39
8
3
14
15
26
8
6
38
24
6
9
30
10
18
17
17
19
16
31
36
24
13
14
1
17
21
25
10
19
6
1
33
2
26
27
2
40
32
33
9
24
35
6
7
17
6
39
14
6
31
13
14
31
24
17
38
38
24
19
15
18
29
9
9
34
34
4
30
16
15
21
33
1
7
1
34
2
35
14
31
2
16
35
17
30
1
35
20
14
16
22
16
23
32
22
3
39
6
40
39
27
33
16
21
34
38
21
38
9
24
6
39
31
2
36
30
8
15
26
30
35
7
34
30
22
20
8
11
20
13
32
16
27
18
34
1
3
25
31
32
6
5
14
23
16
32
23
14
11
1
40
24
32
15
40
18
5
12
14
3
22
20
27
20
39
34
10
2
17
31
34
38
19
22
26
23
17
38
24
25
35
14
11
25
9
32
22
5
9
2
1
5
24
13
12
8
7
13
11
6
40
40
24
24
8
12
34
7
4
35
5
3
12
32
29
12
32
38
33
14
30
4
4
33
1
30
8
31
6
23
24
5
20
1
5
40
33
36
16
29
33
24
33
22
4
16
19
3
33
40
33
18
40
34
18
4
34
24
12
4
29
21
36
34
12
8
3
9
8
6
5
33
8
26
31
13
36
2
6
17
36
23
35
24
40
8
40
21
2
32
9
3
10
13
7
40
1
35
22
15
22
1
2
15
12
14
40
40
3
12
4
22
26
2
21
7
23
10
17
33
11
19
32
17
14
30
9
26
21
22
39
4
23
20
15
12
4
3
32
24
4
2
8
1
38
34
21
5
36
22
7
6
9
17
19
3
22
23
8
16
15
19
29
30
34
23
12
3
22
3
29
19
4
29
39
18
27
39
36
1
11
23
39
39
10
4
4
24
30
35
4
18
14
25
1
18
15
9
24
32
12
38
31
34
23
19
40
32
13
19
8
36
21
20
23
15
10
10
19
30
22
19
34
27
9
21
2
6
35
1
1
18
34
4
11
21
23
22
22
21
20
29
13
5
26
13
31
22
16
38
3
38
38
23
39
23
26
25
4
24
33
2
4
12
21
40
39
18
25
35
5
24
25
33
40
16
39
6
32
35
22
22
30
2
2
21
31
23
40
30
32
23
39
16
11
15
3
4
10
27
8
18
30
36
25
11
35
40
10
30
23
35
13
10
34
3
1
31
3
38
33
39
7
8
31
29
19
33
5
26
26
26
39
23
1
22
29
19
25
11
23
38
38
13
24
16
32
27
2
35
9
35
26
2
8
4
39
3
21
25
10
35
1
3
23
11
19
34
32
39
19
16
16
23
27
39
5
34
18
3
8
34
1
15
5
13
